
f1p = (20819805046467927*(x - 1903)^2)/562949953421312 - (4131107755873257*x)/2199023255552 + 7919280669254711711/2199023255552
f2p = (10409902523233941*(x - 1918)^2)/281474976710656 - (6765147407961191*x)/8796093022208 + 6516005664772636149/4398046511104
f3p = (862231206722919*x)/1099511627776 - (9063933500474937*(x - 1939)^2)/140737488355328 - 416158703250908713/274877906944
f4p = (22327969958867667*(x - 1948)^2)/281474976710656 - (3299075534250965*x)/8796093022208 + 1625161399728904075/2199023255552
f5p = (6723450967449877*x)/4398046511104 - (20973226086884721*(x - 1960)^2)/1125899906842624 - 204851518560975691/68719476736
f6p = (158905605065859*x)/137438953472 + (11071568933305959*(x - 1970)^2)/140737488355328 - 309090644113200711/137438953472
f7p = (33379625992195*x)/17179869184 - (8725042327333293*(x - 1975)^2)/35184372088832 - 261189923363853641/68719476736
f8p = (1886137370444091*(x - 1980)^2)/17592186044416 - (2361118655164749*x)/4398046511104 + 1212764726897613755/1099511627776
f9p = (3534784098527853*x)/2199023255552 + (13606142408808069*(x - 1990)^2)/17592186044416 - 3467213623516787039/1099511627776
f10p = (5135615527384477*x)/549755813888 - (26084232716207307*(x - 1995)^2)/35184372088832 - 10205556420992777143/549755813888
f11p = (1059954165477083*x)/549755813888 - (25480709693870685*(x - 2000)^2)/17592186044416 - 129026428161422353/34359738368
f12p = (26601133386955833*(x - 2007)^2)/4398046511104 - (5043928162795667*x)/274877906944 + 10135107734136407897/274877906944
f13p = (4931496857312777*x)/274877906944 - (7474356095896659*(x - 2010)^2)/4398046511104 - 1237566677343925235/34359738368
f14p = (2080194379018957*x)/2199023255552 - (9558763079233689*(x - 2015)^2)/8796093022208 - 3993559135051156403/2199023255552
f15p = 345456657389325993/17179869184 - (597422692452105*(x - 2020)^2)/549755813888 - (681772291220789*x)/68719476736


f1pp = (20819805046467927*x)/281474976710656 - 40148870796180241977/281474976710656
f2pp = (10409902523233941*x)/140737488355328 - 10037217699045038947/70368744177664
f3pp = 17630149854651169659/70368744177664 - (9063933500474937*x)/70368744177664
f4pp = (22327969958867667*x)/140737488355328 - 10886917672105557689/35184372088832
f5pp = 5246015606765954677/70368744177664 - (20973226086884721*x)/562949953421312
f6pp = (11071568933305959*x)/70368744177664 - 10864815564409509711/35184372088832
f7pp = 17266139333499261355/17592186044416 - (8725042327333293*x)/17592186044416
f8pp = (1886137370444091*x)/8796093022208 - 1869637115394814839/4398046511104
f9pp = (13606142408808069*x)/8796093022208 - 13531042128566972949/4398046511104
f10pp = 52202383965709880729/17592186044416 - (26084232716207307*x)/17592186044416
f11pp = 796537166474828177/137438953472 - (25480709693870685*x)/8796093022208
f12pp = (26601133386955833*x)/2199023255552 - 53428826132922722167/2199023255552
f13pp = 7531453863805393403/1099511627776 - (7474356095896659*x)/2199023255552
f14pp = 19265067993413921249/4398046511104 - (9558763079233689*x)/4398046511104
f15pp = 75254171849273059/17179869184 - (597422692452105*x)/274877906944
